# Zpids to exclude from review list (already reviewed)
# One zpid per line, add more as needed
2056447435
441744314
2076096644
454906499
341986236
2090248415
459806034
2092860909
456207098
446462527
430931866
104425174
2076893442
2121698321
452122425
2106677157
453249996
460369046
452144438
452794043
460699861
459463776
455883020
460844889
123061057
341949875
347638737

2123947089
441772239
199849083
459713791
455979003
446076369
458296720
457743814
460416255
2129173028
343667210
2108318676
2061433468
2064543220
452026732
233560415
295551888
262286688
2062353460
459143173
2091432305
456397612
2077712196
6432850
460874602
2055680956
460832134
460844890
460728509
460585478
460270889
2086110188
460243757
460174844
460164026
109954141
2077934639

80493240
347612522
460710214
460942128
460927116

449979666
2105516018
450135516
450134199
447769559
2065413277
460970158
460976881
460947311
89004490
5670154
78285030
460940584
445801654
2114528611
2074083090
2114872579
2065852869
460890469
2089817561
431404591
2059482450
460740937
2093543258
458735308
2055633743
2060822437
460514589
102439219
218806407
2106671956
444624786
460453944
339893220
74997167
458182762
445812624
2072042550
459889198
352653453
50098305
2107353917
455850957
250370238
459688287
2053124724
460697454
450488460
2074658290
459675152
